curves := [
[ 1, 2, 4, 2, 1 ],
[ 2, 4, 8, 4, 2 ],
[ 1, 4, 8, 8, 8 ],
[ -3, 26, -74, 68, 4 ],
[ 3, 6, 12, 6, 3 ],
[ 0, 2, 42, 289, 648 ],
[ 0, 5, 45, 132, 125 ],
[ -3, 8, 30, 0, 1 ],
[ 5, 10, 20, 10, 5 ],
[ -6, 52, -148, 136, 8 ],
[ -7, 36, -48, 8, 12 ],
[ 6, 12, 24, 12, 6 ],
[ 0, 4, 84, 578, 1296 ],
[ 5, 28, 36, 8, 4 ],
[ 7, 14, 28, 14, 7 ],
[ 0, 10, 90, 264, 250 ],
[ 4, 24, 36, 12, 9 ],
[ 3, 12, 24, 24, 24 ],
[ -9, 78, -222, 204, 12 ],
[ 44, -56, 0, 20, 1 ],
[ 9, 18, 36, 18, 9 ],
[ 0, 5, 90, 528, 1000 ],
[ 2, 20, 80, 150, 125 ],
[ 0, 6, 126, 867, 1944 ],
[ 2, 48, 420, 1586, 2187 ],
[ -4, 52, -222, 306, 27 ],
[ 10, 20, 40, 20, 10 ],
[ 1, 12, 36, 24, 36 ],
[ 0, 15, 135, 396, 375 ],
[ -12, 104, -296, 272, 16 ],
[ 12, -72, 36, 244, 3 ],
[ -14, 72, -96, 16, 24 ],
[ 4, -4, -30, 110, 1 ],
[ 10, 56, 72, 16, 8 ],
[ -1, 26, -222, 612, 108 ],
[ 5, 20, 40, 40, 40 ],
[ 147, 98, -924, 714, 1 ],
[ 11, -25, 117, 40, 1 ],
[ -15, 130, -370, 340, 20 ],
[ 75, -90, -18, 2, 3 ],
[ 14, 28, 56, 28, 14 ],
[ 15, 30, 60, 30, 15 ],
[ 3, -36, 36, 488, 12 ],
[ 71, -54, -66, 50, 3 ],
[ 0, 18, 252, 1156, 1728 ],
[ -18, 156, -444, 408, 24 ],
[ -21, 108, -144, 24, 36 ],
[ 9, 198, 1224, 1436, 4 ],
[ 0, 25, 225, 660, 625 ],
[ 18, 36, 72, 36, 18 ],
[ 37, 30, -6, 20, 12 ],
[ 7, 28, 56, 56, 56 ],
[ 4, 40, 160, 300, 250 ],
[ -21, 182, -518, 476, 28 ],
[ 2, 24, 72, 48, 72 ],
[ 1, 0, -54, 144, 81 ],
[ 1, -12, 102, 124, 12 ],
[ 4, 132, 1224, 2154, 9 ],
[ 25, -15, -99, 96, 9 ],
[ 21, 42, 84, 42, 21 ],
[ 0, 30, 270, 792, 750 ],
[ -1, 8, 90, 0, 27 ],
[ 9, 36, 72, 72, 72 ],
[ 0, 40, 420, 1445, 1620 ],
[ -15, 40, 150, 0, 5 ],
[ 1, 20, 160, 600, 1000 ],
[ 0, 35, 315, 924, 875 ],
[ 132, -168, 0, 60, 3 ],
[ 9, -9, -99, 160, 25 ],
[ -2, 52, -444, 1224, 216 ],
[ 212, -1048, -132, 4, 1 ],
[ 3, -18, -18, 10, 75 ],
[ -29, -108, 0, 360, 324 ],
[ 22, -50, 234, 80, 2 ],
[ 21, 98, -266, 182, 1 ],
[ -30, 260, -740, 680, 40 ],
[ 6, 60, 240, 450, 375 ],
[ 0, 48, 504, 1734, 1944 ],
[ -35, 180, -240, 40, 60 ],
[ 30, 60, 120, 60, 30 ],
[ 3, 36, 108, 72, 108 ],
[ 6, -72, 72, 976, 24 ],
[ 12, 196, 1078, 2058, 343 ],
[ 25, 140, 180, 40, 20 ],
[ 0, 45, 405, 1188, 1125 ],
[ -116, -408, -366, 70, 147 ],
[ 1, 15, 129, 557, 1458 ],
[ -21, 56, 210, 0, 7 ],
[ 441, 252, -132, 8, 4 ],
[ 36, -216, 108, 732, 9 ],
[ -42, 216, -288, 48, 72 ],
[ 35, 70, 140, 70, 35 ],
[ 17, 126, 402, 580, 300 ],
[ 57, -143, 6, 144, 8 ],
[ 0, 50, 450, 1320, 1250 ],
[ 74, 60, -12, 40, 24 ],
[ 36, 72, -72, 4, 25 ],
[ 20, 120, 180, 60, 45 ],
[ -42, 364, -1036, 952, 56 ],
[ 15, 60, 120, 120, 120 ],
[ 1, -3, -99, 480, 225 ],
[ 196, 168, -132, 12, 9 ],
[ -49, 252, -336, 56, 84 ],
[ 1, 48, 183, 146, 75 ],
[ 2, -24, 204, 248, 24 ],
[ -45, 390, -1110, 1020, 60 ],
[ 50, -30, -198, 192, 18 ],
[ 225, -270, -54, 6, 9 ],
[ 42, 84, 168, 84, 42 ],
[ 220, -280, 0, 100, 5 ],
[ 0, 126, 882, 2023, 1512 ],
[ 0, 60, 540, 1584, 1500 ],
[ -29, -204, -366, 140, 588 ],
[ 45, 90, 180, 90, 45 ],
[ 35, 196, 252, 56, 28 ],
[ 9, -108, 108, 1464, 36 ],
[ 213, -162, -198, 150, 9 ],
[ 4, 56, 180, 100, 125 ],
[ 93, -74, 94, 258, 1 ],
[ 49, 98, 196, 98, 49 ],
[ -126, -441, -189, 700, 625 ],
[ -20, 260, -1110, 1530, 135 ],
[ 9, 36, -72, 8, 100 ],
[ 5, 60, 180, 120, 180 ],
[ 0, 70, 630, 1848, 1750 ],
[ 0, 1, -135, 315, 2187 ],
[ 18, -18, -198, 320, 50 ],
[ 28, 168, 252, 84, 63 ],
[ 49, 84, -132, 24, 36 ],
[ -58, -216, 0, 720, 648 ],
[ 0, 75, 675, 1980, 1875 ],
[ 8, 111, 486, 528, 72 ],
[ 111, 90, -18, 60, 36 ],
[ 21, 84, 168, 168, 168 ],
[ 36, 72, -132, 28, 49 ],
[ 12, 120, 480, 900, 750 ],
[ 60, -360, 180, 1220, 15 ],
[ 5, -24, -102, 256, 729 ],
[ -70, 360, -480, 80, 120 ],
[ 4, 24, -72, 12, 225 ],
[ -63, 546, -1554, 1428, 84 ],
[ 308, -392, 0, 140, 7 ],
[ 6, 72, 216, 144, 216 ],
[ 3, -36, 306, 372, 36 ],
[ 20, -20, -150, 550, 5 ],
[ 1, 28, 180, 200, 500 ],
[ 75, -45, -297, 288, 27 ],
[ 63, 126, 252, 126, 63 ],
[ 50, 280, 360, 80, 40 ],
[ 25, -90, -54, 18, 81 ],
[ 14, 140, 560, 1050, 875 ],
[ -4, 72, -336, 196, 1029 ],
[ -108, 569, -858, 240, 200 ],
[ 882, 504, -264, 16, 8 ],
[ -28, 364, -1554, 2142, 189 ],
[ -75, 650, -1850, 1700, 100 ],
[ 70, 140, 280, 140, 70 ],
[ 7, 84, 252, 168, 252 ],
[ 34, 252, 804, 1160, 600 ],
[ 4, 216, -594, 342, 81 ],
[ 17, 168, 630, 1200, 1125 ],
[ 9, 36, -132, 56, 196 ],
[ 1, 12, -72, 24, 900 ],
[ 355, -270, -330, 250, 15 ],
[ 2, -6, -198, 960, 450 ],
[ 9, -54, -54, 30, 225 ],
[ 84, -504, 252, 1708, 21 ],
[ -98, 504, -672, 112, 168 ],
[ 2, 96, 366, 292, 150 ],
[ 18, 180, 720, 1350, 1125 ],
[ 28, -28, -210, 770, 7 ],
[ 31, 126, 378, 612, 324 ],
[ -105, 540, -720, 120, 180 ],
[ 0, 3, -270, 420, 1944 ],
[ 4, 24, -132, 84, 441 ],
[ -4, -18, 198, 1224, 1350 ],
[ -58, -408, -732, 280, 1176 ],
[ 90, 180, 360, 180, 90 ],
[ 70, 392, 504, 112, 56 ],
[ 35, 140, 280, 280, 280 ],
[ -10, -30, 330, 1430, 1080 ],
[ 77, -175, 819, 280, 7 ],
[ 1, 108, -594, 684, 324 ],
[ 1, -24, 192, 1432, 1944 ],
[ 525, -630, -126, 14, 21 ],
[ 98, 196, 392, 196, 98 ],
[ -252, -882, -378, 1400, 1250 ],
[ -4, -28, 126, 550, 625 ],
[ 18, 72, -144, 16, 200 ],
[ 10, 120, 360, 240, 360 ],
[ -348, -1224, -1098, 210, 441 ],
[ 5, 0, -270, 720, 405 ],
[ 5, -60, 510, 620, 60 ],
[ 16, 120, 516, 1114, 1458 ],
[ 279, -136, -1854, 2160, 27 ],
[ 105, 210, 420, 210, 105 ],
[ -175, -735, -378, 1680, 1800 ],
[ 51, 378, 1206, 1740, 900 ],
[ 98, 168, -264, 48, 72 ],
[ 6, -72, 288, 1074, 729 ],
[ 222, 180, -36, 120, 72 ],
[ -5, 40, 450, 0, 135 ],
[ 24, 240, 960, 1800, 1500 ],
[ 1, 12, -132, 168, 1764 ],
[ 45, 180, 360, 360, 360 ],
[ 3, -9, -297, 1440, 675 ],
[ 588, 504, -396, 36, 27 ],
[ -147, 756, -1008, 168, 252 ],
[ 3, 144, 549, 438, 225 ],
[ 6, -72, 612, 744, 72 ],
[ 2, 56, 360, 400, 1000 ],
[ 1, -18, -54, 90, 2025 ],
[ -15, -45, 330, 1360, 1000 ],
[ 150, -90, -594, 576, 54 ],
[ 126, 252, 504, 252, 126 ],
[ 660, -840, 0, 300, 15 ],
[ 7, -42, -168, 818, 2187 ],
[ 259, 210, -42, 140, 84 ],
[ 49, 196, 392, 392, 392 ],
[ -14, -42, 462, 2002, 1512 ],
[ 28, 280, 1120, 2100, 1750 ],
[ -87, -612, -1098, 420, 1764 ],
[ -8, 144, -672, 392, 2058 ],
[ -145, -540, 0, 1800, 1620 ],
[ 105, 490, -1330, 910, 5 ],
[ -15, -45, 495, 2145, 1620 ],
[ 14, 168, 504, 336, 504 ],
[ 7, 0, -378, 1008, 567 ],
[ -175, 900, -1200, 200, 300 ],
[ -7, -91, -231, 728, 875 ],
[ 175, -105, -693, 672, 63 ],
[ 147, 294, 588, 294, 147 ],
[ -378, -1323, -567, 2100, 1875 ],
[ 18, 72, -264, 112, 392 ],
[ 15, 180, 540, 360, 540 ],
[ 2, 24, -144, 48, 1800 ],
[ 7, 48, 318, 1400, 1875 ],
[ 24, 180, 774, 1671, 2187 ],
[ 0, 8, -540, 630, 2187 ],
[ -7, 56, 630, 0, 189 ],
[ 191, 28, -252, 216, 108 ],
[ 4, 192, 732, 584, 300 ],
[ 19, -143, 18, 1296, 216 ],
[ 63, 252, 504, 504, 504 ],
[ -580, -2040, -1830, 350, 735 ],
[ -105, 280, 1050, 0, 35 ],
[ 62, 252, 756, 1224, 648 ],
[ 15, -72, -306, 768, 2187 ],
[ -210, 1080, -1440, 240, 360 ],
[ -21, -63, 462, 1904, 1400 ],
[ 12, 72, -216, 36, 675 ],
[ 924, -1176, 0, 420, 21 ],
[ 63, -63, -693, 1120, 175 ],
[ 3, 84, 540, 600, 1500 ],
[ 21, -126, -126, 70, 525 ],
[ 180, 360, -360, 20, 125 ],
[ 154, -350, 1638, 560, 14 ],
[ 2, 216, -1188, 1368, 648 ],
[ 147, 686, -1862, 1274, 7 ],
[ 980, 840, -660, 60, 45 ],
[ -245, 1260, -1680, 280, 420 ],
[ 5, 240, 915, 730, 375 ],
[ 10, -120, 1020, 1240, 120 ],
[ 20, 245, -1323, 1372, 343 ],
[ -10, -130, -330, 1040, 1250 ],
[ 210, 420, 840, 420, 210 ],
[ 21, 252, 756, 504, 756 ],
[ 1100, -1400, 0, 500, 25 ],
[ -2, -78, -672, 1132, 1728 ],
[ -4, -108, 42, 686, 1029 ],
[ -9, -141, -369, 1707, 1944 ],
[ 175, 980, 1260, 280, 140 ],
[ 49, 504, 1443, 1442, 735 ],
[ 1065, -810, -990, 750, 45 ],
[ -175, -725, -525, 800, 625 ],
[ -147, 392, 1470, 0, 49 ],
[ -294, 1512, -2016, 336, 504 ],
[ 6, 288, 1098, 876, 450 ],
[ 31, 72, 606, 688, 2187 ],
[ 245, 490, 980, 490, 245 ],
[ 45, 180, -360, 40, 500 ],
[ 436, -104, 60, 500, 125 ],
[ 399, -1001, 42, 1008, 56 ],
[ -12, -156, -396, 1248, 1500 ],
[ 518, 420, -84, 280, 168 ],
[ 153, 720, 1530, 1800, 1125 ],
[ 252, 504, -504, 28, 175 ],
[ 12, 72, -396, 252, 1323 ],
[ 140, 840, 1260, 420, 315 ],
[ 245, 420, -660, 120, 180 ],
[ 0, 25, -1125, 875, 2025 ],
[ 105, 420, 840, 840, 840 ],
[ 180, 360, -660, 140, 245 ],
[ 14, 0, -756, 2016, 1134 ],
[ 20, 120, -360, 60, 1125 ],
[ -14, -182, -462, 1456, 1750 ],
[ 350, -210, -1386, 1344, 126 ],
[ 1575, -1890, -378, 42, 63 ],
[ 294, 588, 1176, 588, 294 ],
[ -12, -84, 378, 1650, 1875 ],
[ 1540, -1960, 0, 700, 35 ],
[ 30, 360, 1080, 720, 1080 ],
[ 15, -180, 1530, 1860, 180 ],
[ -15, -195, -495, 1560, 1875 ],
[ 315, 630, 1260, 630, 315 ],
[ 245, 1372, 1764, 392, 196 ],
[ 382, 56, -504, 432, 216 ],
[ 36, -216, -216, 120, 900 ],
[ 28, 392, 1260, 700, 875 ],
[ 109, -52, 60, 1000, 500 ],
[ -245, -1015, -735, 1120, 875 ],
[ -28, -420, -1596, 28, 2016 ],
[ 63, 252, -504, 56, 700 ],
[ 24, 144, -432, 72, 1350 ],
[ 35, 420, 1260, 840, 1260 ],
[ 16, 96, -528, 336, 1764 ],
[ -30, -450, -1710, 30, 2160 ],
[ 197, 812, 819, 486, 675 ],
[ 196, 1176, 1764, 588, 441 ],
[ 42, -252, -252, 140, 1050 ],
[ 45, 180, -660, 280, 980 ],
[ 16, -144, -216, 180, 2025 ],
[ -3, 81, -1239, 392, 1715 ],
[ -124, -552, 60, 1500, 1125 ],
[ 119, 350, 840, 350, 875 ],
[ 1775, -1350, -1650, 1250, 75 ],
[ 777, 630, -126, 420, 252 ],
[ 147, 588, 1176, 1176, 1176 ],
[ 112, -336, -672, 1636, 2187 ],
[ 252, 504, -924, 196, 343 ],
[ 10, 480, 1830, 1460, 750 ],
[ 28, 168, -504, 84, 1575 ],
[ 175, 105, 1155, 455, 1620 ],
[ 36, 504, 1620, 900, 1125 ],
[ 42, 504, 1512, 1008, 1512 ],
[ 886, -528, -1500, 562, 729 ],
[ -8, -216, 84, 1372, 2058 ],
[ 525, -315, -2079, 2016, 189 ],
[ 441, 882, 1764, 882, 441 ],
[ 175, -630, -378, 126, 567 ],
[ 175, 700, 1400, 1400, 1400 ],
[ -350, -1450, -1050, 1600, 1250 ],
[ -281, -1600, -1962, 1656, 2187 ],
[ 490, 980, 1960, 980, 490 ],
[ 49, 588, 1764, 1176, 1764 ],
[ 90, 360, -720, 80, 1000 ],
[ -45, -540, -1710, 420, 1875 ],
[ 50, 600, 1800, 1200, 1800 ],
[ 210, 126, 1386, 546, 1944 ],
[ 81, 648, 918, 56, 1225 ],
[ 240, -576, -1224, 1536, 2187 ],
[ 63, 252, -924, 392, 1372 ],
[ 490, 840, -1320, 240, 360 ],
[ 60, -360, -360, 200, 1500 ],
[ 550, -1400, 0, 2000, 200 ],
[ 63, -378, -378, 210, 1575 ],
[ 49, 504, 918, 72, 2025 ],
[ 225, 900, 1800, 1800, 1800 ],
[ -441, -1827, -1323, 2016, 1575 ],
[ 300, 453, 1773, 983, 2187 ],
[ 245, 980, 1960, 1960, 1960 ],
[ 218, -104, 120, 2000, 1000 ],
[ 81, 324, -1188, 504, 1764 ],
[ 126, 504, -1008, 112, 1400 ],
[ 135, 540, -1080, 120, 1500 ],
[ 84, -504, -504, 280, 2100 ],
[ 90, 360, -1320, 560, 1960 ],
[ 238, 700, 1680, 700, 1750 ],
[ 1554, 1260, -252, 840, 504 ],
[ 945, -1512, -2142, 1792, 1701 ],
[ 955, 140, -1260, 1080, 540 ],
[ 540, 1080, -1980, 420, 735 ],
[ 162, 648, -1296, 144, 1800 ],
[ 350, -1260, -756, 252, 1134 ],
[ 900, 1800, -1800, 100, 625 ],
[ 417, 1050, -810, 300, 1500 ],
[ 189, 756, -1512, 168, 2100 ],
[ 256, -1152, -864, 360, 2025 ],
[ 500, 900, -642, 1150, 1875 ],
[ 797, 396, -2010, 1500, 1125 ],
[ 1941, 1614, 378, 2058, 1029 ]
];
conds := [
	2015539200,
	74649600,
	2015539200,
	592815428352,
	1469328076800,
	762048,
	8968066875,
	235092492288,
	1259712000000,
	2371261713408,
	26121388032,
	1469328076800,
	246903552,
	58773123072,
	8782450790400,
	573956280000,
	235092492288,
	1469328076800,
	432162447268608,
	26121388032,
	1469328076800,
	573956280000,
	46656000000,
	44998172352,
	193572384768,
	1728649789074432,
	1259712000000,
	58773123072,
	8968066875,
	87824507904,
	3073155180576768,
	6530347008,
	1728649789074432,
	235092492288,
	432162447268608,
	46656000000,
	432162447268608,
	1055084099776875,
	343064484000000,
	1020366720000,
	237126171340800,
	918330048000000,
	768288795144192,
	79996750848,
	246903552,
	1728649789074432,
	8707129344,
	1728649789074432,
	224201671875,
	1469328076800,
	255091680000,
	0, // conductor not computed
	1259712000000,
	592815428352,
	235092492288,
	235092492288,
	19999187712,
	432162447268608,
	1055084099776875,
	172864978907443200,
	573956280000,
	0, // conductor not computed
	1469328076800,
	964467000000,
	3673320192000000,
	1259712000000,
	1055084099776875,
	26121388032,
	26377102494421875,
	1728649789074432,
	1755758592,
	25509168000000,
	235092492288,
	67525382385720000,
	37050964272000000,
	37050964272000000,
	918330048000000,
	179992689408,
	408146688000000,
	918330048000000,
	725594112,
	3073155180576768,
	2371261713408,
	918330048000000,
	110716875,
	192072198786048,
	457419312,
	27658396625190912,
	35554111488,
	1024385060192256,
	6530347008,
	148203857088000000,
	6377292000000,
	67525382385720000,
	14348907000000,
	1020366720000,
	1080406118171520000,
	3673320192000000,
	87824507904,
	0, // conductor not computed
	26377102494421875,
	426649337856,
	3073155180576768,
	781218270000,
	79996750848,
	6752538238572000000,
	67525382385720000,
	340122240000,
	172864978907443200,
	408146688000000,
	148203857088,
	573956280000,
	48018049696512,
	918330048000000,
	6914599156297728,
	768288795144192,
	26665583616,
	3673320192000000,
	2371261713408,
	237126171340800,
	26377102494421875,
	27010152954288000000,
	1080406118171520000,
	918330048000000,
	67525382385720000,
	44998172352,
	1688134559643000000,
	27658396625190912,
	319987003392,
	58773123072,
	224201671875,
	67525382385720000,
	255091680000,
	0, // conductor not computed
	341461686730752,
	918330048000000,
	48018049696512000000,
	193572384768,
	102036672000000,
	1080406118171520000,
	432162447268608,
	3073155180576768,
	2902376448,
	19999187712,
	27010152954288000000,
	918330048000000,
	13025729626875,
	172864978907443200,
	3673320192000000,
	9183300480000,
	148203857088000000,
	3073155180576768,
	1688134559643000000,
	142216445952,
	1728649789074432,
	9262741068000000,
	5489031744000000,
	6914599156297728,
	25509168000000,
	719970757632,
	3673320192000000,
	85365421682688,
	1080406118171520000,
	1249949232000000,
	1688134559643000000,
	25509168000000,
	3073155180576768,
	768288795144192,
	195304567500,
	918330048000000,
	1728649789074432,
	2295825120000,
	408146688000000,
	179992689408,
	3073155180576768,
	2361960000,
	192072198786048,
	918330048000000,
	27658396625190912,
	0, // conductor not computed
	47628000000,
	1055084099776875,
	179992689408,
	2389782528,
	120045124241280000,
	237126171340800,
	1688134559643000000,
	25509168000000,
	270101529542880000,
	3673320192000000,
	192072198786048,
	3673320192000000,
	312487308000000,
	37050964272,
	27658396625190912,
	108040611817152000000,
	1688134559643000000,
	2125764000000,
	1279948013568,
	141114268495872,
	1020366720000,
	0, // conductor not computed
	918330048000000,
	768288795144192,
	918330048000000,
	108547746890625,
	11519532122112,
	3073155180576768,
	781218270000,
	79996750848,
	3673320192000000,
	229582512000000,
	14348907000000,
	833646696120000,
	172864978907443200,
	408146688000000,
	37340352000000,
	30011281060320000,
	8782450790400,
	592815428352,
	148203857088000000,
	48018049696512,
	3073155180576768,
	3673320192000000,
	37050964272000000,
	703096443000000,
	27658396625190912,
	27658396625190912,
	408146688000000,
	1055084099776875,
	1055084099776875,
	172864978907443200,
	26377102494421875,
	4215576379392,
	3779136000000,
	270101529542880000,
	6377292000000,
	27010152954288,
	179992689408,
	0, // conductor not computed
	2879883030528,
	3124873080000,
	0, // conductor not computed
	172864978907443200,
	3001128106032000000,
	432162447268608000000,
	9183300480000,
	141114268495872,
	34012224000000,
	67525382385720000,
	4446115712640000,
	1024385060192256,
	26377102494421875,
	918330048000000,
	3001128106032000000,
	1080406118171520000,
	67525382385720000,
	719970757632,
	1372257936000000,
	19999187712000000,
	48018049696512000000,
	781218270000,
	1249949232000000,
	1055084099776875,
	14348907000000,
	108040611817152000000,
	85365421682688,
	408146688000000,
	3857868000000,
	120045124241280000,
	108040611817152,
	108040611817152000000,
	38279695230000,
	1249949232000000,
	224201671875,
	27658396625190912,
	768288795144192,
	65101522500,
	148203857088,
	5489031744000000,
	1080406118171520000,
	2222131968000000,
	67525382385720000,
	7085880000,
	120045124241280000,
	918330048000000,
	1080406118171520000,
	27658396625190912,
	432162447268608000000,
	1666598976000000,
	964467000000,
	0, // conductor not computed
	65868380928000000,
	27658396625190912,
	1080406118171520000,
	67525382385720000,
	67525382385720000,
	120045124241280000,
	172864978907443200,
	25509168000000,
	48018049696512000000,
	45349632000000,
	104162436000000,
	2767921875,
	108040611817152000000,
	6914599156297728,
	11519532122112,
	25509168000000,
	432162447268608000000,
	555532992000000,
	26377102494421875,
	7318708992,
	1080406118171520000,
	13338347137920000,
	108040611817152000000,
	1024385060192256,
	2812385772000000,
	7030964430000,
	27658396625190912,
	750282026508000000,
	1333834713792000000,
	57395628000000,
	1055084099776875,
	19999187712000000,
	108040611817152000000,
	1249949232000000,
	30011281060320000,
	172864978907443200,
	3024568512000000,
	341461686730752,
	195304567500,
	1080406118171520000,
	578921316750000,
	0, // conductor not computed
	113820562243584,
	193572384768,
	30011281060320000,
	13025729626875,
	172864978907443200,
	1080406118171520000,
	0, // conductor not computed
	14348907000000,
	179992689408,
	148203857088000000,
	6914599156297728,
	270101529542880000,
	14348907000000,
	3673320192000000,
	27010152954288,
	9569923807500,
	141114268495872,
	1053894094848,
	19999187712000000,
	25509168000000,
	102036672000000,
	1000376035344000000,
	1757741107500,
	918330048000000,
	4341909875625,
	37050964272,
	0, // conductor not computed
	27433728000000,
	6914599156297728,
	270101529542880000,
	1080406118171520000,
	3001128106032000000,
	5335338855168000000,
	108040611817152000000,
	40015041413760000,
	2389782528,
	44998172352000000,
	16006016565504000000,
	3334586784480000,
	270101529542880000,
	27010152954288000000,
	6377292000000,
	1080406118171520000,
	229582512000000,
	3001128106032000000,
	4999796928000000,
	120045124241280000
];
discsDrew := 
\[ 2015539200, 66045188505600, 4226892064358400, 9712687978119168, 28920784535654400, 67181911336157184, 437893890380859375, 44926874911493849088, 61509375000000000000, 318265359667008897024, 539122498937926189056, 947676267664323379200, 2201416870663198605312, 2875319994335606341632, 9568896327701306265600, 14348907000000000000000, 32751691810479015985152, 60651281130516696268800, 139366456518049976549376, 165805439790550018424832, 414981647669143169740800, 918330048000000000000000, 961083984375000000000000, 963986997844765170597888, 1476105090449796667478016, 1587471043775913014132736, 2015539200000000000000000, 2096108275870657023049728, 6283298708943145751953125, 10428919305568547537682432, 15856805719387019554062336, 17665966045197965362987008, 42861718181949651381583872, 94218485574389148602597376, 101598146801658432904495104, 128994508800000000000000000, 151817817063815386028310528, 187782301937827606201171875, 296407714176000000000000000, 313810596090000000000000000, 313553594866116403711180800, 882592301503125000000000000, 1014835566040769251459989504, 1394826194273803859135102976, 2773151248976879241494790144, 4566760047183461631569952768, 7735818598867901659628961792, 9716340292084184705811873792, 13363461010158061981201171875, 13598118630822483386066534400, 20083878149760000000000000000, 20067430071431449837515571200, 31492800000000000000000000000, 46111583603004660975270887424, 68685275983729689331293487104, 88115808727729692341711142912, 89268876433523446984646590464, 110675188639521416414638374912, 136893298112676324920654296875, 137303203498827567383611699200, 205891132094649000000000000000, 469950979881225025822459428864, 870279592372638936708258201600, 1049717364627456000000000000000, 1371059415023616000000000000000, 2015539200000000000000000000000, 2078928179411367257720947265625, 2379126835648701693226200858624, 2934098467778556346893310546875, 3329168074396743529414495567872, 3385604795108444804158448467968, 4903290563906250000000000000000, 5639411758574700309869513146368, 6153250469898735000000000000000, 9045645574218750000000000000000, 9712687978119168000000000000000, 13790504710986328125000000000000, 16173018084033159736397616119808, 16452712980283392000000000000000, 28920784535654400000000000000000, 30076862712398401652637403447296, 33254131828023926831840936067072, 84765339051717114985619447414784, 87747802561511424000000000000000, 90158468827845266682220458984375, 164099906930118750223385730023424, 182227794978668037439042516156416, 213293102091832022661982253481984, 216678706886940467466140701949952, 227527830584552440588421931466752, 253487303847703401582721820000256, 292019541250650215625000000000000, 313810596090000000000000000000000, 393808030073519040000000000000000, 437893890380859375000000000000000, 658108519211335680000000000000000, 825875297884740601774080000000000, 999502313552216064000000000000000, 1510984371503256730837676439109632, 1850930210281881600000000000000000, 2138957783010567576885223388671875, 2468105895634056262231508933148672, 2559517225101984271943787041783808, 2607211437966018260865022500000000, 2925162542973696310792899476324352, 4253126724794005632000000000000000, 4485719592556177815000000000000000, 4502839058909973630000000000000000, 4499151372249581728026188159385600, 5059980462358093824000000000000000, 6277897897192473004172791689117696, 6746640616477458432000000000000000, 10502394043527600014296686721499136, 12664234853184300834375000000000000, 13650758533877249450366864222846976, 14561781157411356197659003613872128, 20014231342798744110970693038047232, 21422803359744000000000000000000000, 29074511294738970440067470463270912, 45428923898029641312605422598860800, 45845288559039942920207977294921875, 48445771599606720402000000000000000, 52856019064623398513541120000000000, 63968148067341828096000000000000000, 68122318582951682301000000000000000, 94321041466081387582670897210720256, 96144538592167734375000000000000000, 155490671424945544520585062788366336, 157958777320579600782816571721515008, 184792244504975779753804206780186624, 191751059232884086668491363525390625, 287086053923595380160000000000000000, 288181699770238312320000000000000000, 287945687823973230593676042200678400, 398313018539713422764437303807967232, 451887258369600000000000000000000000, 483911307354340196352000000000000000, 487448194764162795983881238319464448, 539122498937926189056000000000000000, 602063092157975898693304320000000000, 661650824742238800900691263454445568, 787171524088786819135461880366104576, 985558637359870825353622436160995328, 1280910805939119623102124354435022848, 1308035833189381450854000000000000000, 1371059415023616000000000000000000000, 1964269203542068107388250885009765625, 1970150897806751373423677595932774400, 2875319994335606341632000000000000000, 3282569673945370776270000000000000000, 4562805332041409619140625000000000000, 4705072531500364806404915651231612928, 6153250469898735000000000000000000000, 7100127867271265237930498521496027136, 7536616425579563841509436422785794048, 9045645574218750000000000000000000000, 9568896327701306265600000000000000000, 9951402971196514849317444018455445504, 10282945612677120000000000000000000000, 14590374648900284456897635224736432128, 15617223649253376000000000000000000000, 25492033186541659056923987443709902848, 38532037898110457516371476480000000000, 42566717354547236912082000000000000000, 70089368633690278359375000000000000000, 70356860295468337968750000000000000000, 75281160504005836902478650419705806848, 83870260432141820623054013785171820544, 85433104399270486372025057280000000000, 197878669581004700537109375000000000000, 203488643490648223720754783415216439296, 210084459132503729681280000000000000000, 236078448451779225452544000000000000000, 271338217767730472060045867527100694528, 290370190515451085195274794476008112128, 293153584564451408203125000000000000000, 344142448018312397268473830490083688448, 414981647669143169740800000000000000000, 447308055638089709989621406854249709568, 612409364972883600998400000000000000000, 677038879144745908568064000000000000000, 891508028928525165005664737091064453125, 933783977529618205241448654383131656192, 1199305352192877039168841801730252341248, 1489835107409153291922870000000000000000, 1488614978290635286531454487719470694400, 1502258415502620849609375000000000000000, 1507991690146354980468750000000000000000, 1731986032709579522491715420160000000000, 2096108275870657023049728000000000000000, 2354654303248929445911591065233218797568, 2689081076896047739920384000000000000000, 2724269910691023162373248000000000000000, 3057275077560829056410903126739681017856, 3264775680969498606626291571376798040064, 4190161239588243633533071875000000000000, 4485719592556177815000000000000000000000, 4502839058909973630000000000000000000000, 5175993215240752358451333422170603782144, 8205757600411338185057195811624445882368, 9443137938071169018101760000000000000000, 14341765743445587946242048000000000000000, 14807441682255052800000000000000000000000, 18583692192988869452497586846464519176192, 26558825450825162863411200000000000000000, 30691706305344814177941420078277587890625, 35414621962604779339527534151419511701504, 36726274627886437833584109490360975097856, 37410634452710665185453947405407500000000, 41972885289013071809810410846126828683264, 44926874911493849088000000000000000000000, 51290151155396418379218750000000000000000, 54736736297607421875000000000000000000000, 64365173261666487742898205000000000000000, 64557904619331629004347067463525151539200, 72605189076193288977850368000000000000000, 87982719567405978886962890625000000000000, 95349446874185810683063680000000000000000, 95271358610600658338013087214046124441600, 105325649047143913165175827491332435214336, 149514005120332910400000000000000000000000, 150697875407931484538341828174926003044352, 154175816712203953976276276059557492424704, 172101188921347055354904576000000000000000, 276051195502281188964843750000000000000000, 296471188727789263326222336000000000000000, 326087572560167398582434005596748038275072, 418335221933268955948168997163642981974016, 502096953744000000000000000000000000000000, 587150722088441662020587204674713134765625, 649909353088894845289129593339385986328125, 651855404122904806437933136566751925145600, 657829781921828150247372686862945556640625, 835322943456597083977285220555486096523264, 917873007580517628559491072000000000000000, 1262617817845283471896460541296640000000000, 1285368201584640000000000000000000000000000, 1338762077677555022379693687487698246303744, 1582444486021404113054187499418051250487296, 2231121183644101098390234651539429237194752, 2266535805606705877729762185690848748896256, 2799471964955295297438517076951040000000000, 4119371088746655215545485120000000000000000, 4131705895637224256278212317665609698508800, 5007931730045127875469535218000000000000000, 6509188906611084675963813888000000000000000, 6884047556853882214196183040000000000000000, 6994348813988858892432685387690831654158336, 7735818598867901659628961792000000000000000, 8515289822868960287625000000000000000000000, 8638947317507225478591645210378240000000000, 11295050992198261810600562923418360513298432, 13929812952008205703213511517047882080078125, 19673204037648268787712000000000000000000000, 23278673553268020186294843750000000000000000, 25203713924705218560000000000000000000000000, 29212935091929912606905622105000000000000000, 30598233375690529349351789506826458110099456, 42944758760747184022582031250000000000000000, 75320614490785408393295560704000000000000000, 78110266879333016111565766656000000000000000, 79565778746521553371124954223632812500000000, 89268876433523446984646590464000000000000000, 104885028095412057137751450654026641845703125, 123674168488127937835693359375000000000000000, 137303203498827567383611699200000000000000000, 142791755753222470296975017698523471180464128, 154418349070986750000000000000000000000000000, 165292695103697731584000000000000000000000000, 175277610551579475641433732630000000000000000, 184681816081955533588035184822415305543385088, 416588090023109419261684088832000000000000000, 599093395439968910883806703325195312500000000, 610785868615684329558431794374000000000000000, 796524346480254052949021570384502410888671875, 1012622121827524489356240261642397728387366912, 1203446567006582794930884099780148432006545408, 1225871669746423076796954948580392960000000000, 1334237308641937128276316422005900835966418944, 1386380734192799112323163531459375000000000000, 1613037691181133987840000000000000000000000000, 1614382169298384096221184000000000000000000000, 1869627845883514406841959814720000000000000000, 1905450582115616675934705057792000000000000000, 3124410675173320644462630666240000000000000000, 3319853181353145357926400000000000000000000000, 3920893776250304005337429709359677440000000000, 4166494859278489684516074865380354132170244096, 4745198712919480728777620324352000000000000000, 4820519327410266137170915885056000000000000000, 8397738917019648000000000000000000000000000000, 8787405023924964312551148748800000000000000000, 12155548661490277794324868890624000000000000000, 13708008552309357148509601699058253233324556288, 18373507451110104330240000000000000000000000000, 19239754861394056381090601522781000000000000000, 21296229682016906290434198514545000000000000000, 21377505401548951534545112803090000000000000000, 21359997882299344697358193019019327083171020800, 21638032518682864003732910156250000000000000000, 24022568484154871189436702892032000000000000000, 30076862712398401652637403447296000000000000000, 39090295591403797091739634839936000000000000000, 54156162778884228030583047308027744293212890625, 60124233941856426190908129758690625000000000000, 64807815796961567318799376745113454616791482368, 74269845278120538201448847300717731803832516608, 75545103504569352144814080000000000000000000000, 101706076665798198061934592000000000000000000000, 103320458835096582158155776000000000000000000000, 123913775647364095313605503179132938385009765625, 132679984012475753141129972000761364628721631232, 250937201680019456341595501399019356160000000000, 283081025700076764482491030253674168320000000000, 303692717626846766641767700758528000000000000000, 311782617999287948400353754001894074555115241472, 373468314094660868483202191327232000000000000000, 536801714572941232654216444103083514602500000000, 738201526812265352740699150737307943994390478848, 762795574993486485464509440000000000000000000000, 777955114335377778836791608999936000000000000000, 860505944606735276774522880000000000000000000000, 933013234632751260771223925985395908355712890625, 1176884601418522006145243136000000000000000000000, 1288670994981490616231741464306640625000000000000, 1299033122392188626467346191406250000000000000000, 1368160345699132898210887219397760000000000000000, 1367039864467158060630924353217236933322945331200, 1476105090449796667478016000000000000000000000000, 1891015555728356010290036675269308735667386187776, 2607211437966018260865022500000000000000000000000, 2858331562886471619890986258123204853760000000000, 4208015289308268763619909244841878843750000000000, 4410765236378742305404409856000000000000000000000, 4679000252521593906691277379945217103641448546304, 5566234909722356487907860331253763202859749552128, 5743496742554156257818500550819840000000000000000, 9325488865902714867833108645774668954925537109375, 9353412571206977637430903848814622665985175859200, 15584201437729185668683387233452610000000000000000, 18689250640041613800000000000000000000000000000000, 26100509785464964807033538818359375000000000000000, 26549012949990077427998523382236520128495470247936, 45428923898029641312605422598860800000000000000000, 47244897715984982575404745647187708415640990646272, 52856019064623398513541120000000000000000000000000, 53973124931819667456000000000000000000000000000000, 63968148067341828096000000000000000000000000000000, 64832982348561793886843359009587154508429867876352, 101292124759789338029886825522241072005120000000000, 117345700831634907231863928209332823881451701272576, 121024995566614784658562347217235759082712716017664, 157958777320579600782816571721515008000000000000000, 160671025198080000000000000000000000000000000000000, 323838749590918004736000000000000000000000000000000, 334023521899202367727267387548281250000000000000000, 457554148989512920568309840647734511534080000000000, 810511030603795253400000000000000000000000000000000, 836001711723581975806656391030988037586212158203125, 908126290765363683624698836497652016352599237197824, 2907451129473897044006747046327091200000000000000000, 3385604795108444804158448467968000000000000000000000, 5248583572171424797461113700818016664544442530660352, 8222710224650877545401401389843066262650880000000000, 23145327818252811746055290880000000000000000000000000, 24995285401386565155701045329920000000000000000000000, 25492033186541659056923987443709902848000000000000000, 42227171163553484512681704302400000000000000000000000, 44831878207869186808574352405225799680000000000000000, 45550207429916293777966093903527787481582126248230912, 69169183520712459647514715139491233792000000000000000, 174418837277698477474932671498756947968000000000000000, 356600565046695101139767740702916393922723840000000000, 510663112711509955991417232865775124480000000000000000, 769156308737341875000000000000000000000000000000000000, 2704754064835358000466613769531250000000000000000000000, 3600674569746842937236114081192898632739717120000000000, 14436894101951232793265953654702080000000000000000000000, 14677788188279238316653264231467285156250000000000000000, 19744847165072450097852071465189376000000000000000000000, 49503574303579826047843159264968585075030000000000000000 ]
;
